5.1 7328.77
5.10201 7349.75
5.10401 7371.42
5.10602 7393.8
5.10803 7416.9
5.11003 7440.74
5.11204 7174.94
5.11405 7183.41
5.11605 7192
5.11806 7200.71
5.12007 7209.53
5.12207 7218.48
5.12408 7227.55
5.12609 7236.74
5.12809 7246.07
5.1301 7255.52
5.13211 7265.11
5.13411 7274.83
5.13612 7284.68
5.13813 7294.67
5.14013 7304.81
5.14214 7315.08
5.14415 7325.5
5.14615 7336.07
5.14816 7346.78
5.15017 7357.65
5.15217 7368.67
5.15418 7379.84
5.15619 7391.17
5.15819 7402.66
5.1602 7414.31
5.16221 7426.12
5.16421 7438.09
5.16622 7450.24
5.16823 7462.55
5.17023 7475.03
5.17224 7487.69
5.17425 7500.52
5.17625 7513.53
5.17826 7526.72
5.18027 7540.09
5.18227 7553.65
5.18428 7567.39
5.18629 7581.31
5.18829 7595.43
5.1903 7609.74
5.19231 7624.24
5.19431 7638.94
5.19632 7653.84
5.19833 7668.93
5.20033 7684.23
5.20234 7699.73
5.20435 7715.44
5.20635 7731.36
5.20836 7747.49
5.21037 7763.83
5.21237 7780.38
5.21438 7797.16
5.21639 7814.15
5.21839 7831.36
5.2204 7848.79
5.22241 7809.23
5.22441 7823.54
5.22642 7837.92
5.22843 7852.37
5.23043 7866.88
5.23244 7881.45
5.23445 7896.08
5.23645 7910.76
5.23846 7925.5
5.24047 7940.28
5.24247 7955.1
5.24448 7969.97
5.24649 7984.86
5.24849 7999.8
5.2505 8014.76
5.25251 8029.74
5.25452 8044.75
5.25652 8059.77
5.25853 8074.81
5.26054 8089.87
5.26254 8104.93
5.26455 8119.99
5.26656 8135.05
5.26856 8150.11
5.27057 8165.17
5.27258 8180.21
5.27458 8195.25
5.27659 8210.26
5.2786 8225.25
5.2806 8240.22
5.28261 8255.17
5.28462 8270.08
5.28662 8284.95
5.28863 8299.79
5.29064 8314.59
5.29264 8329.34
5.29465 8344.04
5.29666 8358.69
5.29866 8373.28
5.30067 8387.82
5.30268 8402.29
5.30468 8416.7
5.30669 8431.03
5.3087 8445.29
5.3107 8459.48
5.31271 8473.58
5.31472 8487.6
5.31672 8501.53
5.31873 8515.37
5.32074 8529.12
5.32274 8542.77
5.32475 8556.32
5.32676 8569.76
5.32876 8583.09
5.33077 8596.31
5.33278 8609.41
5.33478 8670.85
5.33679 8686.36
5.3388 8701.84
5.3408 8717.28
5.34281 8732.69
5.34482 8748.05
5.34682 8763.38
5.34883 8778.66
5.35084 8793.89
5.35284 8809.07
5.35485 8824.19
5.35686 8839.25
5.35886 8854.26
5.36087 8869.2
5.36288 8884.08
5.36488 8898.88
5.36689 8913.61
5.3689 8928.27
5.3709 8942.85
5.37291 8957.34
5.37492 8971.76
5.37692 8986.08
5.37893 9000.32
5.38094 9014.46
5.38294 9028.51
5.38495 9042.45
5.38696 9056.3
5.38896 9070.04
5.39097 9083.67
5.39298 9097.19
5.39498 9110.6
5.39699 9123.89
5.399 9137.06
5.401 9150.1
5.40301 9163.03
5.40502 9175.82
5.40702 9188.48
5.40903 9201.01
5.41104 9213.4
5.41304 9225.65
5.41505 9237.75
5.41706 9249.71
5.41906 9261.52
5.42107 9273.18
5.42308 9284.68
5.42508 9296.02
5.42709 9307.21
5.4291 9318.22
5.4311 9329.08
5.43311 9339.76
5.43512 9350.27
5.43712 9360.6
5.43913 9370.75
5.44114 9380.72
5.44314 9390.51
5.44515 9454.93
5.44716 9467.6
5.44916 9480.22
5.45117 9492.79
5.45318 9505.3
5.45518 9517.76
5.45719 9530.17
5.4592 9542.52
5.4612 9554.83
5.46321 9567.08
5.46522 9579.29
5.46722 9591.45
5.46923 9603.57
5.47124 9615.63
5.47324 9627.66
5.47525 9639.64
5.47726 9651.58
5.47926 9663.48
5.48127 9675.33
5.48328 9687.15
5.48528 9698.93
5.48729 9710.67
5.4893 9722.38
5.4913 9734.05
5.49331 9745.68
5.49532 9757.29
5.49732 9768.85
5.49933 9780.39
5.50134 9791.9
5.50334 9803.38
5.50535 9814.82
5.50736 9826.24
5.50936 9837.64
5.51137 9849.01
5.51338 9860.35
5.51538 9871.67
5.51739 9882.97
5.5194 9894.24
5.5214 9905.49
5.52341 9916.73
5.52542 9927.94
5.52742 9939.14
5.52943 9950.32
5.53144 9961.48
5.53344 9972.63
5.53545 9983.77
5.53746 9994.89
5.53946 10006
5.54147 10017.1
5.54348 10028.2
5.54548 10039.3
5.54749 10050.3
5.5495 10061.4
5.55151 10072.5
5.55351 10083.5
5.55552 10094.6
5.55753 10107.2
5.55953 10118.6
5.56154 10130
5.56355 10141.5
5.56555 10153
5.56756 10164.6
5.56957 10176.2
5.57157 10187.9
5.57358 10199.6
5.57559 10211.4
5.57759 10223.3
5.5796 10235.2
5.58161 10247.3
5.58361 10259.4
5.58562 10271.6
5.58763 10283.9
5.58963 10296.2
5.59164 10308.7
5.59365 10321.3
5.59565 10334
5.59766 10346.9
5.59967 10359.8
5.60167 10372.9
5.60368 10386.1
5.60569 10399.4
5.60769 10412.9
5.6097 10426.5
5.61171 10440.3
5.61371 10454.2
5.61572 10468.2
5.61773 10482.5
5.61973 10496.9
5.62174 10511.4
5.62375 10526.2
5.62575 10541.1
5.62776 10556.2
5.62977 10571.5
5.63177 10586.9
5.63378 10602.6
5.63579 10618.5
5.63779 10634.6
5.6398 10650.9
5.64181 10667.4
5.64381 10684.1
5.64582 10701.1
5.64783 10718.3
5.64983 10735.7
5.65184 10753.4
5.65385 10771.3
5.65585 10789.4
5.65786 10807.8
5.65987 10826.5
5.66187 10845.4
5.66388 10864.6
5.66589 10884
5.66789 10840.1
5.6699 10856.5
5.67191 10873.2
5.67391 10890
5.67592 10906.9
5.67793 10924
5.67993 10941.3
5.68194 10958.7
5.68395 10976.4
5.68595 10994.1
5.68796 11012.1
5.68997 11030.3
5.69197 11048.6
5.69398 11067.1
5.69599 11085.8
5.69799 11104.7
5.7 11123.8
