30
5 7321.46 4.40697e+15 -4.42746e+17 1.62809e+19
5.03448 6462.77 -1.18099e+15 1.18619e+17 -4.36088e+18
5.06897 6671.45 3.16403e+14 -3.1788e+16 1.16896e+18
5.10345 6799.14 -8.478e+13 8.51757e+15 -3.1322e+17
5.13793 7678.74 2.27169e+13 -2.28226e+15 8.39243e+16
5.17241 7267.03 -6.08774e+12 6.11452e+14 -2.24793e+16
5.2069 8149.58 1.63099e+12 -1.6386e+14 6.02571e+15
5.24138 8925.87 -4.37022e+11 4.39062e+13 -1.61458e+15
5.27586 7778.01 1.17101e+11 -1.17645e+13 4.32611e+14
5.31034 7951.56 -3.13809e+10 3.1519e+12 -1.15876e+14
5.34483 8249.64 8.40737e+09 -8.44662e+11 3.10611e+13
5.37931 9497.87 -2.25277e+09 2.26325e+11 -8.32252e+12
5.41379 9788.16 6.03703e+08 -6.06359e+10 2.22921e+12
5.44828 9097.83 -1.6174e+08 1.62495e+10 -5.97551e+11
5.48276 9630.91 4.33383e+07 -4.35404e+09 1.60113e+11
5.51724 9535.83 -1.16124e+07 1.16665e+09 -4.29007e+10
5.55172 9823.47 3.11212e+06 -3.12564e+08 1.14911e+10
5.58621 10609.5 -833572 8.37627e+07 -3.08024e+09
5.62069 10026.8 223563 -2.24439e+07 8.25319e+08
5.65517 11160.7 -59703.4 6.01311e+06 -2.21064e+08
5.68966 12068.6 16204.3 -1.61138e+06 5.92573e+07
5.72414 11082.3 -4131.69 431806 -1.58779e+07
5.75862 11034.6 1318.6 -115663 4.25421e+06
5.7931 11395.5 -140.621 31021.9 -1.13935e+06
5.82759 13316.1 251.662 -8274.25 305328
5.86207 13909.9 147.864 2253.45 -81756.9
5.89655 13074.6 176.964 -565.531 21700.1
5.93103 12701.5 170.363 182.69 -5296.9
5.96552 13274.6 173.514 0 -0
6 12821.1 173.514 0 0
